1 5.772424 1 2 0 1 0 -1 -1 -1 -1 -1 -1 -1 -1 -1 -1 -1 -1 -1 -1 -1 0 0 0 0 0 1 0 0 0 0 0 0 0 0 0 0 0 1 1 1 1 1 1 1 1 1 0 0 0 0 0 0
2 11.27003 1 3 0 1 1 0 0 0 0 0 0 0 0 0 0 0 0 0 0 0 1 0 0 0 0 1 1 1 1 1 1 1 1 1 1 1 1 1 1 0 0 0 0 1 1 1 1 1 1 1 1 1
3 2.957557 1 99 0 1 1 0 -1 -1 -1 -1 0 0 -1 -1 -1 -1 -1 0 0 0 1 0 0 0 0 0 0 1 1 1 1 1 0 0 0 0 0 0 0 1 1 1 0 1 1 1 1 1 1 1 1 1
4 0.7248671 1 100 -1 0 0 -1 -1 -1 -1 -1 -1 -1 -1 -1 -1 -1 0 0 0 0 1 0 0 0 0 1 1 1 1 0 0 0 0 0 0 0 0 0 0 0 1 1 1 1 1 1 1 1 0 1 0 1
5 1.213698 2 3 1 1 0 0 0 0 0 0 0 0 0 0 0 0 0 0 0 0 0 1 1 1 1 1 0 0 0 0 0 0 0 0 0 0 0 1 1 0 0 0 0 1 1 1 0 0 0 0 0 0
6 1.528901 2 4 0 0 -1 -1 -1 -1 -1 -1 -1 -1 -1 -1 -1 -1 -1 -1 -1 -1 -1 1 0 0 0 0 0 0 -1 -1 -1 -1 -1 -1 -1 -1 -1 0 0 1 1 1 1 1 1 0 -1 0 -1 0 0 0
7 0.998551 2 100 0 0 -1 -1 -1 -1 -1 -1 -1 -1 -1 -1 -1 -1 0 0 0 0 0 1 1 1 1 1 0 0 0 -1 -1 -1 -1 -1 -1 -1 -1 0 0 0 1 1 1 1 1 1 0 0 -1 0 -1 0
8 12.95373 3 4 0 0 0 0 0 0 0 0 0 0 0 0 0 0 0 0 0 0 0 1 0 0 0 0 1 1 0 0 0 0 0 0 0 0 0 0 0 0 0 0 0 1 1 0 0 1 0 1 1 1
9 7.282107 3 5 0 0 0 0 0 0 0 0 0 0 0 0 0 0 0 0 0 0 0 1 1 1 0 0 0 0 0 0 0 0 0 0 0 0 0 0 1 0 -1 -1 -1 1 1 1 1 1 1 1 1 1
10 -4.143993 4 5 -1 -1 -1 -1 -1 -1 -1 -1 -1 -1 -1 -1 -1 -1 -1 -1 -1 -1 -1 1 0 0 -1 -1 0 0 -1 -1 -1 -1 -1 -1 -1 -1 -1 -1 0 1 0 0 0 1 1 0 0 1 0 1 1 1
11 8.444891 4 6 0 0 0 0 0 0 -1 0 0 -1 -1 -1 -1 -1 -1 -1 -1 -1 0 1 -1 -1 0 0 1 1 0 0 -1 0 0 0 0 0 0 0 0 1 1 1 0 0 0 -1 -1 0 -1 0 0 1
12 6.681387 5 6 0 0 0 0 0 0 -1 0 0 -1 -1 -1 -1 -1 -1 -1 -1 -1 0 1 0 0 0 0 0 0 0 0 -1 0 0 0 0 0 0 0 1 1 0 0 -1 0 0 0 0 0 0 0 0 1
13 12.17681 5 7 0 0 0 0 -1 -1 0 0 0 0 0 0 0 0 0 0 -1 -1 -1 0 0 0 -1 -1 -1 -1 -1 -1 -1 -1 0 0 0 0 0 0 1 1 0 0 -1 0 0 0 1 1 1 1 1 1
14 13.0859 6 7 1 1 1 1 0 0 0 1 1 0 0 0 0 0 0 0 -1 -1 0 0 -1 -1 0 0 0 0 0 0 -1 0 1 1 1 1 1 1 1 1 1 1 -1 -1 -1 -1 0 0 0 0 0 1
15 5.419022 6 8 1 1 1 1 1 1 0 1 1 0 0 0 0 0 0 0 0 0 1 1 0 0 1 1 1 1 0 0 -1 1 1 1 1 1 1 0 0 0 0 0 0 0 -1 -1 -1 -1 -1 -1 -1 0
16 6.243505 7 8 1 1 1 1 0 0 1 1 1 1 1 1 1 1 1 1 0 0 0 0 0 0 0 0 0 0 -1 -1 -1 0 1 1 1 1 1 0 0 0 0 0 0 0 -1 -1 0 0 0 0 0 0
17 5.890933 7 9 0 0 1 1 -1 0 1 1 1 1 1 1 1 1 1 1 0 0 0 0 0 0 0 0 0 0 0 0 0 0 1 0 0 0 0 0 1 1 1 1 -1 -1 -1 0 0 0 1 0 0 0
18 6.704739 8 9 0 0 1 1 0 1 1 1 1 1 1 1 1 1 1 1 1 1 1 1 1 1 1 1 1 1 0 0 0 1 1 0 0 0 0 -1 0 0 0 0 0 0 -1 0 -1 -1 0 -1 -1 -1
19 7.569835 8 10 0 0 0 0 0 0 0 0 0 0 0 0 0 0 0 0 0 0 0 0 0 0 0 0 0 0 -1 -1 -1 0 0 0 0 0 0 -1 0 0 0 0 1 1 0 0 0 0 0 0 -1 -1
20 1.737621 9 10 -1 -1 0 0 -1 0 0 0 0 0 0 0 0 0 0 0 0 0 0 0 0 0 0 0 0 0 0 0 0 0 0 -1 -1 -1 -1 -1 1 1 1 1 0 0 0 1 0 0 1 0 -1 -1
21 4.737323 9 11 -1 -1 0 0 -1 0 0 0 0 1 0 0 1 1 1 1 1 1 1 1 1 1 1 1 1 0 1 1 1 1 1 -1 -1 0 0 0 1 1 1 1 0 0 0 1 0 0 1 -1 -1 -1
22 -2.315446 10 11 -1 -1 -1 -1 -1 -1 -1 -1 -1 0 -1 -1 0 0 0 0 0 0 0 0 0 0 0 0 0 -1 0 0 0 0 0 -1 -1 0 0 0 1 1 1 1 1 1 1 1 1 1 1 0 -1 -1
23 3.764275 10 12 0 0 0 0 0 0 -1 -1 -1 -1 -1 0 0 0 0 -1 -1 -1 -1 -1 0 -1 -1 -1 -1 -1 -1 -1 -1 -1 -1 -1 -1 -1 -1 -1 0 0 0 0 0 0 0 0 0 0 0 0 -1 -1
24 8.53281 11 12 0 0 0 0 0 0 -1 -1 -1 0 -1 0 1 1 1 0 0 0 0 0 1 0 0 0 0 -1 0 0 0 0 0 -1 -1 0 0 0 0 0 0 0 0 0 0 0 0 0 0 -1 -1 -1
25 -1.192672 11 13 -1 -1 -1 0 0 0 0 0 0 1 0 0 1 1 1 1 1 1 1 1 1 0 0 1 1 -1 0 0 0 1 1 0 0 1 0 0 0 1 1 1 1 1 1 1 1 1 1 0 -1 -1
26 8.612542 12 13 0 0 0 1 1 1 0 0 0 0 0 1 1 1 1 0 0 0 0 0 1 -1 -1 0 0 -1 -1 -1 -1 0 0 0 0 0 -1 -1 -1 0 0 0 0 0 0 0 0 0 0 0 -1 -1
27 3.69417 12 14 1 1 0 0 0 0 -1 -1 -1 -1 -1 0 0 0 0 0 -1 0 0 0 1 -1 -1 -1 0 0 0 0 -1 -1 -1 -1 -1 -1 -1 -1 0 -1 -1 -1 -1 -1 -1 -1 -1 -1 -1 -1 -1 -1
28 5.60361 13 14 0 0 -1 0 0 0 0 0 0 0 0 0 0 0 0 1 0 1 1 1 1 -1 -1 0 1 0 0 0 -1 0 0 0 0 0 -1 -1 0 0 0 0 0 0 0 0 0 0 0 0 -1 -1
29 3.656666 13 15 -1 -1 -1 0 0 0 0 1 1 1 1 0 1 0 1 1 1 1 1 1 1 0 0 1 1 0 0 0 0 1 1 0 0 0 -1 0 0 1 1 1 1 1 0 0 0 0 0 0 -1 -1
30 11.10933 14 15 0 0 -1 -1 -1 -1 -1 0 0 0 0 -1 0 -1 0 1 0 1 1 1 1 0 0 0 1 1 1 1 0 0 0 -1 -1 -1 -1 0 1 0 0 0 0 0 -1 -1 -1 -1 -1 -1 -1 -1
31 10.26320 14 16 0 0 -1 -1 -1 -1 -1 -1 -1 0 0 0 0 0 0 1 -1 0 0 0 0 -1 -1 -1 0 0 0 0 -1 -1 -1 -1 -1 -1 -1 -1 1 0 0 0 0 0 0 0 0 -1 0 0 -1 -1
32 -5.127944 15 16 -1 -1 -1 -1 -1 -1 -1 0 0 1 1 0 1 0 1 1 0 0 0 0 0 0 0 0 0 0 0 0 0 0 0 -1 -1 -1 -1 0 1 1 1 1 1 1 0 0 0 -1 0 0 -1 -1
33 0.0981416 15 17 -1 0 0 0 -1 0 0 1 1 1 1 0 0 -1 0 0 0 0 0 0 0 0 0 0 0 0 0 0 0 0 0 -1 -1 -1 -1 0 0 0 0 0 0 0 -1 0 0 0 0 0 0 0
34 1.705688 16 17 -1 0 0 0 -1 0 0 0 0 1 1 1 0 0 0 0 -1 -1 -1 -1 -1 -1 -1 -1 -1 -1 -1 -1 -1 -1 -1 -1 -1 -1 -1 -1 0 0 0 0 0 0 0 1 1 0 1 1 0 0
35 5.058596 16 18 0 0 -1 -1 -1 -1 -1 -1 -1 0 0 0 0 0 0 0 -1 -1 -1 -1 -1 -1 -1 -1 -1 -1 -1 -1 -1 -1 0 0 0 0 -1 -1 0 0 0 0 0 0 0 0 1 -1 1 0 -1 -1
36 12.54006 17 18 0 1 0 0 -1 0 0 0 0 0 0 0 -1 -1 -1 -1 -1 -1 -1 -1 -1 -1 -1 -1 -1 -1 -1 -1 -1 -1 0 0 0 0 -1 -1 -1 -1 -1 -1 -1 -1 -1 0 1 0 1 0 0 0
37 1.855030 17 19 -1 0 0 0 -1 0 0 0 0 0 1 1 0 0 -1 -1 -1 -1 -1 -1 -1 0 0 0 0 0 0 0 0 -1 -1 -1 0 0 0 0 -1 -1 -1 0 0 0 0 1 1 1 1 1 1 1
38 4.1621 18 19 0 0 -1 -1 -1 -1 -1 -1 -1 -1 0 0 0 0 -1 -1 -1 -1 -1 -1 -1 0 0 0 0 0 0 0 0 -1 0 0 1 1 0 0 -1 -1 -1 0 0 0 0 0 1 0 1 0 0 0
39 3.570412 18 20 1 1 0 0 0 0 0 0 0 0 0 -1 -1 -1 -1 -1 -1 -1 -1 -1 -1 -1 -1 -1 0 0 0 0 0 0 1 1 1 1 0 0 0 0 0 0 0 -1 0 -1 0 0 1 0 0 0
40 4.406572 19 20 0 0 0 0 0 0 0 0 0 0 1 0 0 0 -1 -1 -1 -1 -1 -1 -1 0 0 0 1 1 1 1 1 0 0 0 1 1 1 1 0 0 0 1 1 0 1 0 0 1 1 1 1 1
41 12.00022 19 21 0 0 0 0 0 0 0 0 0 0 1 1 0 0 0 -1 -1 -1 -1 -1 -1 0 0 0 0 0 0 0 1 0 0 -1 0 1 1 1 0 0 -1 1 1 0 0 0 0 0 0 1 1 1
42 6.972051 20 21 1 1 1 1 1 1 1 1 1 1 1 0 -1 -1 0 -1 -1 -1 -1 -1 -1 -1 -1 -1 0 0 0 0 1 1 1 0 0 1 1 1 1 1 0 1 1 -1 0 -1 -1 0 0 1 1 1
43 8.286741 20 22 0 0 0 0 1 1 1 1 1 1 1 0 0 0 0 0 0 0 0 0 0 -1 -1 -1 0 0 0 0 0 0 0 0 0 1 1 1 1 1 1 1 1 0 1 0 0 1 1 1 1 1
44 6.534457 21 22 0 0 0 0 1 1 1 1 1 1 1 1 0 0 1 0 0 0 0 0 0 -1 -1 -1 -1 -1 -1 -1 0 0 0 -1 -1 1 1 1 1 1 0 1 1 0 0 0 0 0 0 1 1 1
45 8.167296 21 23 0 0 0 0 0 1 1 1 1 1 1 1 0 0 1 -1 -1 -1 -1 0 0 0 -1 -1 -1 0 0 0 1 1 1 0 0 1 1 1 1 1 0 1 0 -1 -1 -1 -1 -1 -1 0 0 0
46 0.3719600 22 23 -1 -1 -1 -1 0 1 1 1 1 1 1 1 1 1 1 0 0 0 0 1 1 0 -1 -1 -1 0 0 0 0 0 0 0 0 1 1 1 1 1 1 1 0 0 0 0 0 0 0 0 0 0
47 10.72556 22 24 0 0 0 -1 1 0 1 1 1 1 0 0 0 1 1 0 0 0 0 0 0 -1 -1 -1 -1 -1 -1 -1 -1 -1 -1 -1 -1 0 0 0 0 0 0 0 0 0 0 0 1 1 0 0 0 0
48 2.794448 23 24 0 0 0 -1 0 0 1 1 1 1 0 0 0 1 1 -1 -1 -1 -1 0 0 0 -1 -1 -1 0 0 0 0 0 0 0 0 0 0 0 0 0 0 0 -1 -1 -1 -1 0 0 -1 -1 -1 -1
49 -2.097389 23 25 -1 0 0 0 -1 0 1 1 1 0 0 1 1 1 1 0 0 0 0 1 0 0 -1 -1 0 1 1 1 1 1 1 1 1 1 0 0 0 0 0 0 -1 -1 -1 -1 -1 -1 -1 -1 -1 -1
50 9.702578 24 25 0 1 1 0 0 -1 1 1 1 0 -1 0 0 1 1 0 0 0 0 0 -1 -1 -1 -1 0 0 0 0 0 0 0 0 0 0 -1 -1 -1 -1 -1 -1 -1 -1 -1 -1 0 0 -1 -1 -1 -1
51 5.094781 24 26 0 0 0 -1 0 -1 0 0 0 0 -1 -1 -1 0 0 -1 -1 -1 -1 -1 -1 -1 -1 -1 0 0 0 0 -1 -1 0 0 -1 -1 -1 0 0 0 0 -1 -1 -1 -1 0 1 1 0 0 0 -1
52 -3.675246 25 26 -1 0 0 0 -1 -1 0 0 0 -1 -1 0 0 0 0 0 0 0 0 0 -1 -1 -1 -1 1 1 1 1 0 0 1 1 0 0 -1 0 0 0 0 -1 -1 -1 -1 0 0 0 0 0 0 -1
53 -0.4746055 25 27 -1 0 0 0 -1 -1 0 0 0 -1 -1 0 0 0 1 1 1 1 0 0 -1 -1 -1 -1 0 1 1 0 0 0 0 0 0 0 -1 -1 -1 -1 -1 -1 -1 -1 -1 -1 -1 -1 -1 -1 -1 -1
54 0.7013655 26 27 -1 -1 -1 -1 -1 -1 -1 -1 -1 -1 -1 -1 -1 -1 0 0 0 0 -1 -1 -1 -1 -1 -1 0 1 1 0 -1 -1 0 0 -1 -1 -1 0 0 0 0 -1 -1 -1 -1 0 0 0 0 0 0 -1
55 0.03448177 26 28 -1 0 0 0 -1 -1 0 0 0 0 0 -1 -1 -1 -1 -1 -1 -1 -1 -1 -1 -1 -1 -1 0 0 0 0 -1 -1 0 0 -1 -1 -1 0 0 0 0 -1 -1 -1 -1 0 0 0 0 0 0 -1
56 8.241399 27 28 -1 0 0 0 -1 -1 0 0 0 0 0 -1 -1 -1 0 0 0 0 -1 -1 -1 -1 -1 -1 -1 0 0 -1 -1 -1 -1 -1 -1 -1 -1 -1 -1 -1 -1 -1 -1 -1 -1 -1 -1 -1 -1 -1 -1 -1
57 9.24513 27 29 0 0 0 0 0 0 0 0 0 0 0 0 0 0 1 1 1 1 0 0 0 0 0 0 0 1 1 0 0 0 0 0 0 0 0 0 0 0 0 0 0 0 0 0 0 0 0 0 0 0
58 8.354016 28 29 0 1 1 1 0 0 1 1 1 1 1 0 0 0 0 0 0 0 0 0 0 0 0 0 0 0 0 0 0 0 0 0 0 0 0 0 0 0 0 0 0 0 0 0 0 0 0 0 0 0
59 1.890128 28 30 -1 0 1 0 -1 -1 0 0 1 0 0 -1 -1 -1 -1 -1 -1 -1 -1 -1 0 0 0 0 0 0 0 0 0 0 0 0 0 0 0 0 0 0 0 0 -1 -1 -1 -1 -1 -1 -1 -1 -1 -1
60 9.814503 29 30 0 0 1 0 0 0 0 0 1 0 0 0 0 0 0 0 0 0 0 0 1 1 1 1 1 1 1 1 1 1 1 1 1 1 1 1 1 1 1 1 0 0 0 0 0 0 0 0 0 0
61 8.093275 29 31 0 0 0 0 0 0 0 0 0 1 1 1 1 1 1 1 1 1 1 1 1 1 1 1 1 1 1 1 1 1 1 1 1 1 1 1 1 1 1 1 1 1 1 1 1 1 1 1 1 1
62 4.304599 30 31 -1 -1 0 -1 -1 -1 -1 -1 0 0 0 0 0 0 0 0 0 0 0 0 1 1 1 1 1 1 1 1 1 1 1 1 1 1 1 1 1 1 1 1 0 0 0 0 0 0 0 0 0 0
63 0.2890023 30 32 -1 -1 0 -1 -1 -1 -1 -1 0 -1 -1 -1 -1 -1 0 0 0 0 0 0 1 0 1 1 1 1 1 1 1 1 0 0 0 0 0 0 0 0 0 0 -1 -1 0 0 -1 -1 -1 0 0 0
64 2.299081 31 32 -1 -1 -1 -1 -1 -1 -1 -1 -1 0 0 0 0 0 1 1 1 1 1 1 1 0 1 1 1 1 1 1 1 1 0 0 0 0 0 0 0 0 0 0 0 0 1 1 0 0 0 1 1 1
65 -0.2659174 31 33 -1 -1 -1 -1 -1 -1 -1 -1 -1 0 0 0 0 0 0 0 0 0 0 0 0 0 0 0 0 1 1 1 1 1 1 1 1 1 1 1 1 1 1 1 1 1 1 0 1 0 0 0 0 0
66 -2.235736 32 33 -1 -1 -1 -1 -1 -1 -1 -1 -1 -1 -1 -1 -1 -1 0 0 0 0 0 0 0 -1 0 0 0 1 1 1 1 1 0 0 0 0 0 0 0 0 0 0 0 0 1 0 0 -1 -1 0 0 0
67 9.067061 32 34 0 0 0 -1 -1 0 0 0 -1 -1 -1 -1 0 0 1 1 1 0 0 1 1 0 1 0 0 0 1 1 1 1 0 -1 -1 -1 -1 0 0 0 0 0 0 -1 0 0 -1 -1 0 1 0 0
68 3.151891 33 34 0 0 0 -1 -1 0 0 0 -1 -1 -1 -1 0 0 0 0 0 -1 -1 0 0 0 0 -1 -1 0 1 1 1 1 1 0 0 0 0 1 1 1 1 1 1 0 0 -1 0 -1 0 0 -1 -1
69 1.334378 33 35 0 0 0 -1 -1 -1 -1 -1 -1 -1 -1 -1 -1 -1 -1 -1 -1 -1 -1 -1 -1 -1 -1 -1 -1 0 0 0 0 0 0 0 0 0 0 0 0 0 0 0 0 0 0 0 1 0 -1 0 0 -1
70 8.534234 34 35 1 1 1 -1 -1 0 0 0 -1 -1 -1 -1 0 0 0 0 0 -1 -1 0 0 0 0 -1 -1 -1 0 0 0 0 0 -1 -1 -1 -1 0 0 0 0 0 0 -1 -1 0 0 0 0 1 0 -1
71 5.765739 34 36 1 1 1 0 0 1 1 1 0 -1 -1 -1 0 0 0 0 0 0 0 1 1 1 1 0 0 0 0 0 0 0 0 -1 -1 -1 -1 0 0 0 0 1 0 -1 -1 0 -1 -1 0 0 0 0
72 4.171643 35 36 1 1 1 0 0 0 0 0 0 -1 -1 -1 -1 -1 -1 -1 -1 0 0 0 0 0 0 0 0 0 -1 -1 -1 -1 -1 -1 -1 -1 -1 -1 -1 -1 -1 0 -1 -1 -1 1 0 0 -1 0 1 0
73 0.8702404 35 37 1 0 0 -1 -1 -1 0 0 -1 -1 -1 0 0 0 0 0 0 0 0 0 0 0 0 0 0 0 0 0 0 0 0 0 -1 -1 -1 -1 0 0 0 -1 -1 -1 -1 0 0 0 -1 0 0 0
74 6.002692 36 37 1 0 0 0 0 0 1 1 0 -1 -1 0 0 0 0 0 0 1 1 1 1 1 1 1 1 1 0 0 0 0 0 0 -1 -1 -1 -1 0 0 0 0 -1 -1 -1 0 -1 -1 -1 -1 0 1
75 12.78931 36 38 0 0 0 0 0 0 0 0 1 0 0 0 0 0 0 0 0 0 0 0 0 0 0 0 0 0 -1 -1 -1 -1 -1 0 -1 -1 -1 -1 -1 -1 0 1 0 0 0 1 0 -1 -1 -1 0 0
76 7.927701 37 38 0 -1 -1 -1 -1 -1 0 0 0 0 0 1 1 1 1 1 1 0 0 0 0 0 0 0 0 0 0 0 0 0 0 1 -1 -1 -1 -1 0 0 1 0 0 0 0 0 0 -1 -1 -1 -1 0
77 7.715295 37 39 1 0 0 0 0 0 1 1 0 0 0 1 1 0 0 0 0 0 1 0 0 0 0 0 0 0 0 0 0 0 0 0 -1 0 -1 -1 0 0 1 0 -1 -1 -1 -1 -1 -1 0 0 0 1
78 8.351552 38 39 0 0 0 0 0 0 0 0 1 1 1 1 1 0 0 0 0 -1 0 -1 -1 -1 -1 -1 -1 -1 -1 -1 -1 -1 -1 0 -1 0 -1 -1 -1 -1 1 1 0 0 0 0 0 -1 0 0 0 0
79 -5.92426 38 40 -1 -1 -1 0 -1 0 0 -1 0 0 0 0 0 0 0 0 0 -1 0 0 -1 -1 -1 -1 -1 -1 -1 -1 -1 0 0 1 0 0 0 0 0 0 0 0 1 1 1 1 1 0 0 0 0 0
80 4.641553 39 40 0 0 0 1 0 1 1 0 0 0 0 0 0 -1 -1 -1 -1 -1 1 0 -1 -1 -1 -1 -1 -1 -1 -1 -1 0 0 0 0 1 0 0 0 0 0 0 0 0 0 0 0 0 1 1 1 1
81 6.675146 39 41 1 1 1 1 1 1 0 1 1 1 1 1 1 0 0 0 0 0 0 -1 0 0 0 0 0 0 0 0 0 0 0 -1 -1 1 -1 0 0 0 1 1 0 -1 -1 -1 -1 -1 0 0 0 0
82 2.113485 40 41 0 0 0 1 0 1 0 0 0 0 0 0 0 0 0 0 0 0 0 0 0 0 0 0 0 0 0 0 0 1 1 0 0 1 0 1 1 1 0 0 1 0 0 0 0 0 0 0 0 0
83 6.66411 40 42 0 0 0 1 0 1 1 0 0 0 0 0 0 -1 -1 0 -1 -1 0 0 -1 -1 -1 -1 -1 -1 -1 -1 0 1 1 1 1 1 1 1 1 1 0 0 1 1 1 1 1 1 1 1 0 0
84 4.916303 41 42 1 1 1 1 1 1 0 1 1 1 1 1 1 0 0 1 0 0 -1 -1 0 0 0 0 0 0 0 0 1 1 1 0 0 1 0 1 1 1 1 1 1 0 0 0 0 0 0 0 -1 -1
85 5.9605 41 43 1 1 1 0 1 1 0 1 1 0 0 0 0 0 0 0 0 1 -1 -1 1 1 1 1 1 1 1 1 1 1 1 0 0 1 0 1 1 0 0 1 1 0 0 0 0 0 0 0 -1 0
86 3.123502 42 43 1 1 1 0 1 1 1 1 1 0 0 0 0 -1 -1 0 -1 0 -1 -1 0 0 0 0 0 0 0 0 1 1 1 1 1 1 1 1 1 0 0 1 1 1 1 1 1 1 1 1 -1 0
87 7.565379 42 44 1 1 1 0 1 0 0 0 0 0 0 0 0 -1 -1 0 0 0 0 0 0 -1 -1 -1 -1 -1 -1 -1 0 0 0 0 0 0 0 0 0 0 0 0 1 1 1 1 1 1 1 0 -1 -1
88 8.104015 43 44 1 1 1 -1 1 0 0 0 0 -1 -1 -1 -1 -1 -1 -1 0 1 0 0 1 0 0 0 0 0 0 0 0 0 0 0 0 0 0 0 0 -1 -1 0 1 1 1 1 1 1 1 0 -1 0
89 8.012998 43 45 0 0 0 -1 0 0 0 0 0 -1 0 0 0 0 0 0 0 0 -1 -1 0 0 0 0 1 0 0 0 0 1 1 1 1 1 1 1 1 0 0 1 0 0 0 1 0 0 1 1 -1 0
90 7.547428 44 45 0 0 0 -1 0 -1 -1 -1 -1 -1 0 0 0 0 0 0 1 0 0 0 0 -1 -1 -1 0 -1 -1 -1 -1 0 0 0 0 0 0 0 0 0 0 0 0 0 0 1 0 0 1 0 -1 -1
91 5.757183 44 46 1 1 1 0 1 -1 -1 -1 -1 0 0 0 -1 -1 -1 -1 0 0 0 0 0 -1 -1 0 0 -1 -1 -1 -1 -1 -1 0 0 0 0 0 0 0 0 0 0 0 0 0 0 0 0 -1 -1 -1
92 9.67289 45 46 0 0 0 0 0 -1 -1 -1 -1 0 1 1 0 0 0 0 0 -1 -1 -1 -1 -1 -1 0 1 -1 -1 -1 -1 0 0 1 1 1 1 1 1 1 1 1 -1 -1 -1 0 -1 -1 0 0 -1 -1
93 13.30126 45 47 0 0 -1 -1 -1 -1 -1 -1 -1 -1 0 0 0 1 0 0 1 0 0 0 0 0 0 0 1 0 0 0 -1 0 0 0 0 0 0 1 1 1 1 1 0 0 -1 0 -1 0 1 0 -1 -1
94 8.614098 46 47 1 1 0 0 0 -1 -1 -1 -1 0 0 0 -1 0 -1 -1 0 0 0 0 0 0 0 1 1 0 0 0 -1 -1 -1 0 0 0 0 1 1 1 1 1 0 0 -1 -1 -1 0 0 -1 -1 -1
95 8.085882 46 48 1 1 1 1 1 0 -1 0 0 1 1 1 0 0 0 0 0 0 0 0 0 0 0 1 0 0 0 0 0 0 0 1 1 1 1 0 0 0 0 1 -1 0 0 0 0 0 0 -1 -1 -1
96 7.595282 47 48 1 1 0 0 0 0 -1 0 0 0 0 0 0 1 0 0 1 1 1 1 1 1 1 1 0 1 1 1 0 0 0 0 0 0 0 0 0 0 0 1 0 1 0 0 0 1 1 -1 -1 -1
97 4.454118 47 49 1 0 0 0 0 0 0 0 0 0 0 0 0 1 0 0 1 1 1 1 1 1 1 1 1 1 1 1 0 0 0 0 0 0 -1 1 1 1 1 1 1 1 0 0 0 1 0 -1 -1 0
98 1.218154 48 49 1 0 1 1 1 1 0 1 1 1 1 1 1 1 1 1 1 1 1 1 1 1 1 1 0 1 1 1 1 1 1 1 1 1 0 0 0 0 0 1 0 1 1 1 1 1 0 -1 -1 0
99 8.445597 48 50 1 0 0 0 0 0 -1 0 0 0 0 1 0 0 0 0 0 0 0 0 1 1 1 1 -1 1 1 1 0 0 0 0 0 0 0 -1 -1 -1 -1 0 -1 0 0 0 1 1 1 0 0 0
100 5.582052 49 50 1 -1 0 0 0 0 0 0 0 0 0 1 0 0 0 0 0 0 0 0 1 1 1 1 0 1 1 1 0 0 0 0 0 0 -1 0 0 0 0 0 0 0 0 0 1 1 0 0 0 1
101 11.78988 49 51 0 -1 1 1 1 1 1 1 1 1 1 1 0 0 0 0 0 1 0 0 0 0 0 0 0 0 0 0 0 0 0 0 0 0 -1 0 0 0 0 0 0 0 0 0 0 1 -1 -1 -1 0
102 6.702203 50 51 0 -1 0 0 0 0 0 0 0 0 0 1 -1 -1 -1 -1 -1 0 -1 -1 0 0 0 0 -1 0 0 0 -1 -1 -1 -1 -1 -1 -1 -1 -1 -1 -1 -1 -1 -1 -1 -1 0 1 0 0 0 0
103 5.331011 50 52 1 0 0 0 0 0 0 0 0 0 0 1 0 0 0 0 0 0 0 0 1 1 1 1 0 1 1 1 0 0 0 0 0 0 0 0 0 0 0 0 0 0 0 0 1 1 1 1 0 0
104 4.442346 51 52 0 0 1 1 1 1 1 1 1 1 1 1 0 0 0 0 0 1 0 0 0 0 0 0 0 0 0 0 0 0 0 0 0 0 0 0 0 0 0 0 0 0 0 0 0 1 0 0 -1 -1
105 1.639145 51 53 -1 -1 0 0 0 0 0 0 0 0 0 1 0 0 0 0 0 1 0 0 0 0 0 0 0 0 -1 -1 -1 -1 -1 -1 -1 -1 -1 -1 -1 -1 -1 -1 -1 -1 -1 -1 -1 0 0 -1 0 0
106 5.606369 52 53 0 0 0 0 0 0 0 0 0 0 0 1 1 1 1 1 1 1 1 1 1 1 1 1 1 1 0 0 0 0 0 0 0 0 0 0 0 0 0 0 0 0 0 0 0 0 1 0 0 0
107 12.37909 52 54 0 0 0 0 0 0 0 0 0 0 0 0 0 0 1 0 0 0 0 0 1 0 0 1 1 1 1 1 1 1 1 0 0 0 0 0 0 0 0 0 0 0 0 0 0 0 0 0 -1 -1
108 -0.369939 53 54 -1 -1 -1 -1 -1 -1 -1 -1 -1 -1 -1 0 0 0 1 0 0 0 0 0 1 0 0 1 1 1 0 0 0 0 0 -1 -1 -1 -1 -1 -1 -1 -1 -1 -1 -1 -1 -1 -1 -1 0 -1 0 0
109 0.8248767 53 55 0 0 0 0 0 -1 -1 -1 -1 -1 -1 0 0 0 0 0 0 0 0 0 0 0 0 0 0 0 -1 -1 0 -1 -1 -1 -1 -1 -1 -1 -1 -1 -1 -1 -1 -1 -1 -1 -1 -1 0 -1 0 0
110 3.987347 54 55 0 0 0 0 0 -1 -1 -1 -1 -1 -1 -1 -1 -1 0 -1 -1 -1 -1 -1 0 -1 -1 0 0 0 0 0 1 0 0 -1 -1 -1 -1 -1 -1 -1 -1 -1 -1 -1 -1 -1 -1 -1 -1 -1 -1 -1
111 -4.508579 54 56 -1 -1 0 0 0 0 0 0 0 0 -1 0 0 0 1 0 0 0 0 0 1 0 0 1 1 1 1 0 0 0 0 -1 -1 -1 -1 -1 -1 0 0 0 0 0 0 0 0 0 0 0 0 0
112 5.685223 55 56 0 0 1 1 1 0 0 0 0 0 -1 0 0 0 0 0 0 0 0 0 0 0 0 0 0 0 0 -1 0 -1 -1 -1 -1 -1 -1 -1 -1 0 0 0 0 0 0 0 0 0 0 0 0 0
113 10.43448 55 57 1 1 1 1 1 0 0 0 0 0 0 0 0 0 -1 -1 -1 -1 -1 -1 -1 -1 0 0 0 0 -1 -1 0 -1 -1 -1 -1 -1 -1 -1 -1 -1 0 -1 -1 -1 -1 -1 -1 -1 -1 -1 -1 -1
114 6.731392 56 57 0 0 1 1 1 1 1 1 1 1 0 1 1 1 0 0 0 0 0 0 0 0 1 1 1 1 0 -1 -1 -1 -1 -1 -1 -1 -1 -1 -1 0 1 0 0 0 0 0 0 0 0 0 0 0
115 4.120673 56 58 0 0 1 1 1 1 1 1 1 1 0 1 1 1 1 1 1 1 1 1 1 1 1 1 1 1 1 -1 -1 -1 -1 -1 -1 -1 -1 -1 -1 0 0 1 1 0 0 0 0 0 0 0 0 0
116 6.473761 57 58 1 1 1 1 1 1 1 1 1 1 1 1 1 1 0 0 0 0 0 0 0 0 1 1 1 1 0 -1 -1 -1 -1 -1 -1 -1 -1 -1 -1 -1 0 0 0 -1 -1 -1 -1 -1 -1 -1 -1 -1
117 5.846834 57 59 1 1 1 1 0 0 0 1 0 0 0 0 0 0 -1 -1 -1 -1 0 0 0 0 1 1 1 1 0 -1 -1 0 0 0 0 0 0 0 -1 -1 0 0 0 0 0 0 0 0 0 0 0 0
118 7.760103 58 59 1 1 1 1 0 0 0 1 0 0 0 0 0 0 0 0 0 0 1 1 1 1 1 1 1 1 1 -1 -1 0 0 0 0 0 0 0 -1 -1 -1 1 1 0 0 0 0 0 0 0 0 0
119 6.002117 58 60 1 1 1 0 0 0 0 1 0 1 1 1 1 0 0 0 0 0 1 1 1 1 1 1 1 1 0 -1 0 0 0 0 -1 -1 0 0 0 0 0 1 0 -1 -1 -1 -1 0 0 0 0 0
120 7.224595 59 60 1 1 1 0 -1 -1 -1 1 -1 0 0 0 0 -1 -1 -1 -1 -1 1 1 1 1 1 1 1 1 0 -1 0 1 1 1 0 0 1 1 0 0 0 1 0 0 0 0 0 1 1 1 1 1
121 8.200455 59 61 1 1 1 1 0 0 0 1 0 0 0 0 0 0 0 0 0 0 1 1 1 0 0 0 0 0 0 -1 -1 0 0 1 1 0 0 0 0 0 0 1 1 1 1 1 1 1 0 0 1 1
122 5.626475 60 61 1 1 1 0 0 0 0 1 0 1 1 1 1 0 0 0 0 0 1 1 1 0 0 0 0 0 -1 -1 0 0 0 1 0 -1 0 0 1 1 1 1 0 0 0 0 0 1 0 0 1 1
123 6.372115 60 62 0 0 0 -1 -1 -1 -1 0 -1 0 0 1 1 0 0 -1 -1 0 1 1 1 1 1 1 1 0 -1 -1 0 0 0 0 -1 -1 0 0 0 0 1 1 0 -1 -1 -1 -1 0 1 1 1 1
124 8.024385 61 62 0 0 0 0 0 0 0 0 0 0 0 1 1 1 1 0 0 1 1 1 1 0 0 0 0 -1 -1 -1 -1 -1 -1 0 0 -1 -1 -1 0 0 1 1 1 0 0 0 0 0 0 0 1 1
125 9.485064 61 63 1 0 1 1 1 1 1 0 0 0 0 0 0 1 1 1 0 0 0 0 0 -1 -1 0 0 -1 -1 -1 -1 -1 -1 0 1 0 -1 -1 0 0 0 0 1 1 1 0 0 1 0 0 1 1
126 2.914993 62 63 0 -1 0 0 0 0 0 -1 -1 -1 -1 0 0 1 1 0 -1 0 0 0 0 0 0 1 1 -1 -1 -1 -1 -1 -1 -1 0 0 -1 -1 -1 -1 0 0 1 0 0 -1 -1 0 1 1 1 1
127 1.048874 62 64 -1 -1 -1 0 0 0 0 0 0 0 0 1 1 1 0 -1 -1 1 1 1 0 1 1 1 1 0 0 0 0 0 0 0 -1 0 -1 -1 -1 -1 0 1 1 0 0 0 0 0 1 0 0 0
128 3.9425 63 64 0 -1 0 1 1 1 1 0 0 0 0 0 0 1 0 0 -1 0 0 0 -1 0 0 1 1 0 0 0 0 0 0 0 0 1 -1 -1 -1 -1 -1 0 1 1 1 0 0 1 1 0 0 0
129 4.446109 63 65 1 0 1 1 1 1 1 0 0 0 0 0 0 1 1 0 0 0 -1 -1 -1 -1 0 1 1 0 0 0 0 0 0 0 1 1 0 0 0 0 0 0 1 1 1 0 0 1 1 1 1 0
130 13.42008 64 65 0 0 0 1 1 1 1 1 1 1 1 1 1 1 0 -1 0 1 0 0 -1 0 1 1 1 1 1 1 1 1 1 1 0 1 0 0 0 0 0 1 1 1 1 1 1 1 1 0 0 -1
131 5.156404 64 66 -1 -1 -1 1 0 1 1 1 1 1 1 1 1 1 0 0 0 1 1 1 0 0 0 1 0 0 1 1 1 1 1 0 -1 0 -1 -1 -1 -1 -1 0 0 0 0 0 0 0 1 -1 -1 -1
132 0.9831704 65 66 0 0 0 1 0 1 1 1 1 1 1 1 1 1 1 0 1 1 0 0 0 -1 0 1 0 0 1 1 1 1 1 0 0 0 0 0 0 0 0 0 0 0 0 0 0 0 1 0 0 -1
133 8.030957 65 67 1 1 1 1 1 0 0 0 1 1 1 1 1 1 1 0 1 1 0 0 0 0 1 1 1 1 1 1 1 1 1 1 1 1 1 0 0 0 1 1 1 1 1 1 1 1 1 0 0 -1
134 13.04998 66 67 0 0 0 1 0 0 0 0 1 1 1 1 1 1 1 1 1 1 1 1 1 0 0 1 0 0 1 1 1 1 1 0 0 0 0 -1 -1 -1 0 0 0 0 0 0 0 0 1 -1 -1 -1
135 -2.361532 66 68 -1 -1 -1 0 -1 0 0 1 1 1 1 1 1 1 1 1 1 1 1 1 1 0 0 1 0 0 1 1 0 0 0 -1 -1 -1 -1 -1 -1 0 0 0 0 0 0 0 -1 -1 0 -1 -1 -1
136 11.03190 67 68 0 0 0 0 0 -1 -1 0 1 1 1 1 1 1 1 1 1 1 1 1 1 1 1 1 1 1 1 1 0 0 0 0 0 0 0 -1 -1 0 1 1 1 1 1 1 0 0 0 -1 -1 -1
137 4.150389 67 69 1 0 0 0 0 0 0 0 1 1 1 1 1 0 1 0 1 1 1 0 0 0 0 0 0 0 0 0 0 1 1 1 1 1 1 0 0 0 1 1 1 1 1 1 0 0 0 0 0 0
138 0.9747866 68 69 0 -1 -1 -1 -1 0 0 1 1 1 1 1 1 0 1 0 1 1 1 0 0 0 0 0 0 0 0 0 -1 0 0 0 0 0 0 0 0 1 1 1 1 1 1 1 -1 -1 -1 0 0 0
139 -1.079472 68 70 -1 -1 -1 -1 -1 -1 -1 0 0 0 1 1 1 1 1 1 1 1 1 1 1 1 1 1 1 1 1 1 0 0 0 0 -1 -1 0 0 0 0 0 0 0 0 0 0 -1 -1 -1 -1 -1 -1
140 3.379475 69 70 0 -1 -1 -1 -1 0 0 0 0 0 1 1 1 0 1 0 1 1 1 0 0 0 0 0 0 0 0 0 0 1 1 1 0 0 1 1 1 0 0 0 0 0 0 0 -1 -1 -1 0 0 0
141 7.101626 69 71 1 0 0 -1 0 1 0 1 0 0 0 1 1 0 1 0 1 0 0 -1 -1 -1 -1 -1 -1 0 0 -1 -1 0 0 0 0 0 0 0 0 0 0 0 0 0 0 1 0 0 0 1 1 0
142 9.361894 70 71 0 0 0 -1 0 0 -1 0 -1 -1 0 1 1 1 1 1 1 0 0 0 0 0 0 0 0 1 1 0 0 0 0 0 -1 -1 0 0 0 -1 -1 -1 -1 -1 -1 0 0 0 0 0 0 -1
143 7.559157 70 72 0 0 0 0 0 0 -1 -1 -1 -1 0 0 0 0 0 0 0 0 1 0 0 1 1 1 1 1 1 1 1 1 1 1 0 0 1 1 1 0 0 -1 -1 -1 -1 -1 -1 -1 -1 -1 -1 -1
144 -0.03863748 71 72 1 1 1 0 1 1 -1 0 -1 -1 -1 0 0 0 0 0 0 -1 0 -1 -1 0 0 0 0 1 1 0 0 0 0 0 0 0 0 0 0 0 0 -1 -1 -1 -1 0 0 0 0 0 0 -1
145 0.9858203 71 73 0 0 0 -1 0 0 -1 0 -1 -1 -1 0 0 0 0 0 0 -1 -1 -1 -1 -1 -1 -1 -1 0 0 -1 -1 -1 -1 -1 -1 -1 0 0 0 0 0 0 0 0 -1 0 0 0 0 0 0 -1
146 3.021523 72 73 0 0 0 0 0 0 -1 -1 -1 -1 -1 -1 -1 -1 -1 -1 -1 -1 0 -1 -1 0 0 0 0 0 0 0 0 0 0 0 0 0 1 1 1 1 1 0 0 0 -1 -1 -1 -1 -1 -1 -1 -1
147 1.406846 72 74 1 1 0 1 1 1 0 0 0 0 0 -1 -1 -1 0 0 0 0 1 0 0 1 1 1 1 1 1 1 1 1 1 1 1 0 0 0 0 0 1 0 -1 -1 -1 -1 -1 -1 -1 -1 -1 0
148 6.497872 73 74 0 0 -1 0 0 0 0 0 0 0 0 -1 -1 -1 0 0 0 0 0 0 0 0 0 0 0 0 0 0 0 0 0 0 0 -1 0 0 0 0 1 1 0 0 -1 -1 -1 -1 -1 -1 -1 0
149 6.747602 73 75 -1 -1 -1 -1 -1 -1 -1 0 0 0 0 0 0 0 0 0 0 0 0 0 0 0 0 0 0 0 0 0 0 0 0 -1 0 -1 0 0 0 0 0 1 0 0 -1 0 0 0 -1 -1 -1 -1
150 12.41262 74 75 0 0 -1 0 0 0 0 1 1 1 1 0 0 0 1 1 1 1 1 1 1 1 1 1 1 1 1 1 1 1 1 0 1 -1 -1 -1 -1 -1 0 1 -1 -1 -1 0 0 0 -1 -1 -1 0
151 13.45249 74 76 0 0 -1 0 0 0 1 1 1 1 1 0 0 0 1 1 1 1 1 1 0 0 0 1 1 1 0 1 1 1 1 0 0 -1 -1 -1 -1 -1 0 1 0 0 0 0 0 0 0 0 0 1
152 2.355707 75 76 -1 -1 -1 -1 -1 -1 0 1 1 1 1 1 1 1 1 1 1 1 1 1 0 0 0 1 1 1 0 1 1 1 1 -1 0 -1 -1 -1 -1 -1 -1 1 0 0 0 1 1 1 0 0 0 0
153 10.70790 75 77 0 0 0 0 0 0 0 1 1 1 1 1 1 0 0 0 0 0 1 1 1 1 1 0 0 0 0 1 1 0 0 -1 0 -1 -1 0 -1 -1 -1 1 0 0 0 0 0 0 -1 -1 -1 -1
154 8.22378 76 77 0 0 0 0 0 0 1 1 1 1 1 1 1 0 0 0 0 0 1 1 0 0 0 0 0 0 -1 1 1 0 0 -1 -1 -1 -1 0 -1 -1 -1 1 1 1 1 0 0 0 0 0 0 0
155 10.23983 76 78 0 -1 -1 -1 -1 -1 1 1 0 0 0 0 0 0 0 0 0 0 1 1 0 0 0 1 1 1 0 1 1 1 1 0 0 0 -1 -1 0 -1 -1 0 0 0 0 0 0 0 0 0 0 0
156 0.4125926 77 78 1 0 0 0 0 0 1 1 0 0 0 0 0 -1 -1 -1 -1 -1 1 1 1 1 1 0 0 0 0 1 1 0 0 0 0 0 -1 0 0 -1 -1 0 0 0 0 -1 -1 -1 -1 -1 -1 -1
157 8.99469 77 79 0 0 0 0 0 0 0 0 0 1 1 1 1 0 -1 -1 -1 -1 0 1 1 1 1 0 0 0 -1 0 0 -1 0 0 0 -1 0 1 0 0 0 1 1 1 1 0 -1 -1 -1 -1 -1 -1
158 6.659905 78 79 0 -1 -1 -1 -1 -1 0 0 -1 0 0 0 0 0 -1 -1 -1 -1 0 1 1 1 1 1 1 1 0 0 0 0 1 1 1 0 0 0 1 0 0 0 0 0 0 0 -1 -1 -1 -1 -1 -1
159 6.706506 78 80 1 0 0 0 0 0 1 1 0 0 0 0 0 0 0 0 0 0 1 1 1 1 1 1 1 1 1 1 1 1 1 1 1 1 0 0 1 -1 -1 -1 -1 -1 -1 -1 -1 -1 -1 -1 -1 0
160 5.227678 79 80 0 0 0 0 0 0 0 0 0 1 1 1 1 1 0 0 0 0 0 1 1 1 1 1 1 1 0 0 0 0 1 1 1 0 1 1 1 0 0 0 0 0 0 0 -1 -1 -1 -1 -1 0
161 9.149605 79 81 0 0 0 0 0 0 0 0 0 1 1 1 1 1 0 0 0 0 0 1 1 1 1 1 1 1 0 0 0 0 1 1 1 0 1 1 1 1 1 1 0 1 1 1 -1 0 0 0 0 0
162 7.654937 80 81 1 1 1 1 1 1 1 1 1 1 1 1 1 1 1 1 1 1 1 1 1 1 1 1 1 1 1 1 1 1 1 1 1 1 1 1 1 0 0 0 -1 0 0 0 -1 0 0 0 0 1
163 -2.399837 80 82 0 0 0 1 1 0 0 0 0 0 0 0 0 0 1 1 1 1 1 0 1 1 1 1 1 1 1 1 1 1 1 1 1 1 1 1 1 0 0 0 0 0 0 -1 -1 -1 -1 -1 -1 0
164 5.299455 81 82 0 0 0 1 1 0 0 0 0 0 0 0 0 0 1 1 1 1 1 0 1 1 1 1 1 1 1 1 1 1 1 1 1 1 1 1 1 1 1 1 0 1 1 0 -1 0 0 0 0 0
165 10.12414 81 83 1 1 1 1 1 1 1 1 0 0 0 0 0 0 0 0 0 0 0 0 0 0 0 0 0 0 0 0 0 0 0 0 0 0 0 0 0 0 0 0 -1 0 0 0 -1 0 0 0 0 0
166 3.657305 82 83 0 0 0 1 1 0 0 0 -1 -1 -1 -1 -1 -1 0 0 0 0 0 -1 0 0 0 0 0 0 0 0 0 0 0 0 0 0 0 0 0 0 0 0 0 0 0 -1 -1 -1 -1 -1 -1 -1
167 7.313475 82 84 -1 -1 0 1 1 0 0 0 0 0 0 0 0 0 1 1 0 0 0 -1 0 0 0 0 0 0 0 0 0 0 0 0 0 0 1 1 1 1 0 1 1 1 0 -1 0 0 0 0 0 0
168 7.048772 83 84 0 0 1 1 1 1 1 1 0 0 0 0 0 0 0 0 -1 -1 -1 -1 -1 -1 -1 -1 -1 -1 -1 -1 -1 -1 -1 -1 -1 -1 0 0 0 0 -1 0 0 0 -1 -1 0 0 0 0 0 0
169 2.97559 83 85 1 1 1 1 1 1 1 1 0 0 0 0 0 0 0 0 -1 0 -1 -1 0 0 0 0 0 0 0 0 0 0 0 0 0 -1 -1 -1 -1 -1 -1 -1 -1 -1 -1 -1 -1 -1 -1 -1 0 0
170 5.462724 84 85 0 0 1 1 1 1 1 1 1 1 1 1 1 1 1 1 -1 0 -1 -1 0 0 0 0 0 0 0 0 0 0 0 0 0 -1 0 0 0 0 -1 0 0 0 -1 -1 0 0 0 0 1 1
171 5.651648 84 86 0 0 1 0 1 1 1 1 1 0 0 0 0 1 1 1 0 0 0 0 0 0 0 -1 -1 -1 0 0 0 0 0 0 0 -1 0 1 1 1 -1 0 0 0 -1 0 1 0 0 0 0 0
172 2.844971 85 86 1 1 1 0 1 1 1 1 1 0 0 0 0 1 1 1 0 1 0 0 1 1 1 0 0 0 1 1 1 1 1 1 1 -1 -1 0 0 0 -1 -1 -1 -1 -1 0 0 -1 -1 -1 0 0
173 7.406234 85 87 0 0 0 1 1 1 1 1 1 1 1 0 0 1 1 1 -1 0 -1 -1 0 0 0 0 0 0 1 1 1 0 0 1 1 0 0 0 0 0 0 0 0 0 0 -1 -1 -1 -1 -1 0 1
174 11.64543 86 87 0 0 0 0 1 1 1 1 1 0 0 -1 -1 1 1 1 0 0 0 0 0 0 0 -1 -1 -1 1 1 1 0 0 1 1 0 0 1 1 1 0 0 0 0 0 0 0 -1 -1 -1 -1 0
175 11.70497 86 88 0 0 0 -1 0 0 0 1 1 0 0 -1 -1 0 0 0 0 0 0 0 1 1 1 0 0 0 1 1 0 0 0 0 0 -1 -1 1 1 1 -1 0 -1 -1 -1 0 0 -1 -1 -1 -1 -1
176 0.06426592 87 88 -1 -1 -1 0 0 0 0 1 1 1 1 -1 -1 0 0 0 -1 -1 -1 -1 0 0 0 0 0 0 1 1 0 -1 -1 0 0 0 0 1 1 1 0 1 0 0 0 -1 -1 -1 -1 -1 -1 0
177 7.203532 87 89 0 -1 -1 0 0 0 0 0 1 1 1 0 -1 0 0 0 -1 -1 -1 -1 0 0 -1 -1 -1 -1 0 0 0 -1 -1 0 0 1 1 1 1 0 1 1 0 0 0 -1 -1 0 0 0 0 1
178 5.944219 88 89 0 -1 -1 -1 -1 -1 -1 0 1 1 1 0 -1 -1 -1 -1 -1 -1 -1 -1 1 1 0 0 0 0 0 0 -1 -1 -1 -1 -1 0 0 1 1 0 0 1 -1 -1 -1 -1 -1 0 0 0 0 0
179 4.913369 88 90 -1 -1 0 -1 0 -1 -1 0 0 0 0 -1 -1 -1 -1 -1 -1 0 0 0 1 0 1 1 1 1 1 1 0 0 0 0 0 0 0 1 1 1 0 1 0 0 0 0 0 0 -1 -1 -1 -1
180 6.048955 89 90 0 -1 0 -1 0 -1 -1 -1 0 0 0 0 -1 -1 -1 -1 -1 0 0 0 1 0 0 0 0 0 0 0 0 0 0 0 0 1 1 1 1 0 1 1 0 0 0 0 0 1 0 0 0 0
181 8.752804 89 91 0 -1 -1 -1 -1 -1 0 -1 0 0 0 0 -1 -1 -1 -1 -1 -1 -1 -1 0 0 -1 -1 -1 -1 -1 -1 -1 -1 -1 -1 -1 0 0 0 0 -1 0 1 0 0 0 -1 -1 0 0 0 0 0
182 -6.609722 90 91 -1 -1 0 -1 0 -1 0 -1 -1 -1 -1 -1 -1 -1 -1 -1 -1 0 0 0 0 -1 0 0 0 0 0 0 0 0 0 0 0 0 0 0 0 0 0 1 1 1 1 0 0 0 -1 -1 -1 -1
183 3.310585 90 92 -1 0 1 0 1 -1 -1 -1 -1 -1 0 0 0 0 0 0 0 1 1 0 0 -1 1 0 1 0 0 0 0 0 0 0 0 0 0 0 0 0 0 1 1 1 0 1 1 1 0 0 0 -1
184 3.797054 91 92 -1 0 0 0 0 -1 0 -1 -1 -1 0 0 0 0 0 0 0 0 0 -1 -1 -1 0 -1 0 -1 -1 -1 -1 -1 -1 -1 -1 -1 -1 -1 -1 -1 -1 1 1 1 0 0 0 0 0 0 0 -1
185 1.376276 91 93 -1 -1 -1 0 -1 0 1 0 0 0 0 0 0 0 0 -1 -1 0 0 0 0 0 0 0 0 0 -1 -1 -1 -1 0 -1 -1 -1 -1 -1 -1 -1 -1 0 0 0 0 -1 0 0 0 -1 0 0
186 -1.347537 92 93 -1 0 0 1 0 0 0 0 0 0 1 1 1 1 1 0 0 1 1 0 0 0 1 0 1 0 -1 -1 -1 -1 0 -1 -1 -1 -1 -1 -1 -1 -1 0 0 0 -1 0 1 1 1 0 1 0
187 3.71362 92 94 0 1 0 0 0 -1 -1 -1 0 0 1 1 1 1 1 1 1 1 1 0 0 0 1 0 1 0 0 0 0 0 0 0 0 0 -1 -1 0 0 0 1 0 0 -1 1 0 0 0 1 0 0
188 2.240383 93 94 0 0 -1 0 -1 0 0 0 1 1 1 1 1 1 1 0 0 1 1 1 1 1 1 1 1 1 0 0 0 0 1 0 0 0 -1 -1 0 0 0 0 -1 -1 -1 0 0 0 0 0 0 1
189 6.943876 93 95 0 -1 -1 0 -1 0 0 1 0 0 0 1 1 1 1 0 0 1 1 1 1 1 1 1 1 1 0 0 -1 0 1 0 0 0 -1 -1 0 -1 -1 -1 -1 -1 0 0 1 1 0 -1 0 0
190 9.845951 94 95 1 0 -1 -1 -1 -1 -1 0 0 0 0 1 1 1 1 1 1 1 1 1 1 1 1 1 1 1 1 1 0 1 1 1 1 1 -1 -1 1 0 0 0 -1 -1 0 1 0 0 -1 0 -1 0
191 1.677528 94 96 0 0 -1 0 0 0 0 0 1 1 0 0 1 1 1 0 1 1 1 0 0 0 1 1 1 1 0 0 1 1 1 1 1 1 0 -1 0 0 1 1 0 -1 -1 0 -1 -1 -1 0 0 1
192 3.202601 95 96 0 -1 -1 0 0 0 0 1 0 0 -1 0 1 1 1 0 1 1 1 0 0 0 1 1 1 1 0 0 0 1 1 1 1 1 0 -1 0 -1 0 0 0 -1 0 0 0 0 -1 -1 0 0
193 9.776127 95 97 1 0 0 -1 -1 -1 0 1 0 0 0 1 1 1 1 1 1 1 1 1 0 0 0 0 0 1 1 1 0 1 1 1 1 1 0 0 1 0 0 0 0 -1 0 0 0 1 0 0 0 0
194 5.350139 96 97 0 0 0 0 0 0 1 1 1 1 0 0 1 1 1 0 1 1 1 0 -1 -1 0 0 0 1 0 0 1 1 1 1 1 1 1 0 0 0 1 1 1 -1 -1 -1 -1 0 0 0 1 1
195 -0.3564304 96 98 0 0 -1 0 0 0 0 0 0 0 -1 -1 0 0 0 -1 0 0 0 -1 -1 -1 0 0 0 0 -1 -1 0 0 1 1 1 1 0 -1 -1 0 1 1 1 0 -1 -1 -1 -1 -1 0 1 1
196 9.604216 97 98 1 1 0 -1 -1 -1 0 0 0 0 0 0 0 0 0 0 0 0 0 0 -1 -1 -1 -1 -1 0 0 0 0 0 1 1 1 1 0 0 0 1 1 1 1 0 -1 -1 -1 0 0 1 1 1
197 10.14255 97 99 1 1 1 0 -1 -1 0 0 1 1 0 0 0 0 0 1 1 1 1 1 0 0 0 -1 -1 1 1 1 1 1 0 0 0 0 0 0 0 1 1 1 0 0 0 0 0 1 1 1 1 1
198 1.051625 98 99 1 1 0 0 -1 -1 -1 -1 0 0 -1 -1 -1 -1 -1 0 0 0 0 0 0 0 0 -1 -1 0 0 0 0 0 0 0 0 0 -1 -1 -1 1 1 1 0 1 0 0 0 0 0 1 1 1
199 -0.7064786 98 100 0 0 -1 -1 -1 -1 -1 -1 -1 -1 -1 -1 -1 -1 0 0 0 0 0 0 0 0 0 0 0 0 0 -1 -1 -1 0 0 0 0 -1 -1 -1 0 1 1 1 1 0 0 0 0 -1 1 0 1
200 10.39508 99 100 0 0 0 0 -1 -1 -1 -1 0 0 -1 -1 -1 -1 0 1 1 1 1 1 1 1 1 0 0 1 1 0 0 0 -1 -1 -1 -1 -1 -1 -1 0 1 1 0 1 1 1 1 1 0 1 0 1
